name: whatbird
channels:
  - defaults
dependencies:
  - annotated-types=0.6.0=py311haa95532_0
  - anyio=4.2.0=py311haa95532_0
  - black=23.11.0=py311haa95532_0
  - blas=1.0=mkl
  - bottleneck=1.3.7=py311hd7041d2_0
  - bzip2=1.0.8=h2bbff1b_5
  - ca-certificates=2024.3.11=haa95532_0
  - certifi=2024.2.2=py311haa95532_0
  - click=8.1.7=py311haa95532_0
  - colorama=0.4.6=py311haa95532_0
  - distro=1.8.0=py311haa95532_0
  - flask=2.2.5=py311haa95532_0
  - h11=0.14.0=py311haa95532_0
  - httpcore=1.0.2=py311haa95532_0
  - httpx=0.26.0=py311haa95532_0
  - idna=3.4=py311haa95532_0
  - intel-openmp=2023.1.0=h59b6b97_46320
  - itsdangerous=2.0.1=pyhd3eb1b0_0
  - jinja2=3.1.3=py311haa95532_0
  - libffi=3.4.4=hd77b12b_0
  - markupsafe=2.1.3=py311h2bbff1b_0
  - mkl=2023.1.0=h6b88ed4_46358
  - mkl-service=2.4.0=py311h2bbff1b_1
  - mkl_fft=1.3.8=py311h2bbff1b_0
  - mkl_random=1.2.4=py311h59b6b97_0
  - mypy_extensions=1.0.0=py311haa95532_0
  - numexpr=2.8.7=py311h1fcbade_0
  - numpy=1.26.4=py311hdab7c0b_0
  - numpy-base=1.26.4=py311hd01c5d8_0
  - openai=1.9.0=py311haa95532_0
  - openssl=3.0.13=h2bbff1b_0
  - packaging=23.2=py311haa95532_0
  - pandas=2.2.1=py311hea22821_0
  - pandas-stubs=2.1.4.231227=py311haa95532_0
  - pathspec=0.10.3=py311haa95532_0
  - pip=23.3.1=py311haa95532_0
  - platformdirs=3.10.0=py311haa95532_0
  - pydantic=2.5.3=py311haa95532_0
  - pydantic-core=2.14.6=py311h062c2fa_0
  - python=3.11.8=he1021f5_0
  - python-dateutil=2.8.2=pyhd3eb1b0_0
  - python-dotenv=0.21.0=py311haa95532_0
  - python-tzdata=2023.3=pyhd3eb1b0_0
  - pytz=2023.3.post1=py311haa95532_0
  - setuptools=68.2.2=py311haa95532_0
  - six=1.16.0=pyhd3eb1b0_1
  - sniffio=1.3.0=py311haa95532_0
  - sqlite=3.41.2=h2bbff1b_0
  - tbb=2021.8.0=h59b6b97_0
  - tk=8.6.12=h2bbff1b_0
  - tqdm=4.65.0=py311h746a85d_0
  - types-pytz=2022.4.0.0=py311haa95532_1
  - typing-extensions=4.9.0=py311haa95532_1
  - typing_extensions=4.9.0=py311haa95532_1
  - tzdata=2024a=h04d1e81_0
  - vc=14.2=h21ff451_1
  - vs2015_runtime=14.27.29016=h5e58377_2
  - werkzeug=2.3.8=py311haa95532_0
  - wheel=0.41.2=py311haa95532_0
  - xz=5.4.6=h8cc25b3_0
  - zlib=1.2.13=h8cc25b3_0
